4294967279,474
4294967279,413
4294967278,317
33,2
4294967279,411
4294967279,473
4294967279,316
4294967278,316
47,2
4294967279,314
4294967279,410
4294967278,409
4294967279,472
4294967278,313
4294967278,192
4294967279,192
4294967279,191
4294967278,312
4294967279,217
4294967278,408
4294967278,369
4294967279,471
4294967278,368
4294967279,308
4294967278,407
4294967279,430
4294967278,180
4294967279,181
4294967278,406
4294967279,304
33,6
33,4
4294967279,176
4294967278,173
4294967279,414
4294967279,405
4294967278,304
4294967279,302
47,6
47,4
4294967278,346
4294967279,429
4294967279,301
49,6
4294967278,405
4294967279,404
4294967279,403
4294967278,345
25,2
29,5
49,4
4294967294,477
4294967294,476
24,4
24,5
4294967278,343
4294967278,301
4294967278,342
5,2
34,4
34,9
4294967294,488
4294967279,161
4294967278,404
26,4
26,5
4294967279,157
31,2
25,4
4294967278,296
10,2
29,4
19,2
4294967278,293
4294967294,1430
4294967279,311
4294967279,292
4294967279,144
31,4
4294967278,364
31,5
33,5
17,4
4294967279,425
4294967278,403
4294967294,1434
4294967278,290
30,2
47,5
4294967278,137
38,4
41,5
4294967294,489
4294967278,371
4294967278,354
4294967278,353
4294967278,352
4294967278,349
4294967278,367
4294967278,366
4294967278,341
4294967278,339
4294967278,338
4294967278,337
4294967279,415
4294967279,432
4294967279,409
4294967279,408
4294967279,402
4294967279,428
4294967279,427
4294967279,426
37,4
4294967279,398
4294967279,424
27,2
4294967278,280
4294967278,335
13,2
19,5
4294967278,263
4294967294,12
4294967294,104
4294967294,106
4294967294,166
4294967294,24
4294967294,160
4294967294,168
19,4
4294967294,1432
4294967294,1083
4294967294,1431
4294967294,1424
4294967294,473
4294967278,402
4,3
4294967294,68
4294967294,11
4294967279,420
2,4
4,5
4,7
4,0
4,1
4,6
4,2
4294967278,261
7,2
23,4
23,6
23,7
18,8
18,0
4294967279,417
4294967279,412
18,7
18,6
18,1
18,5
18,2
18,4
4294967294,484
4294967278,286
16,2
30,5
30,4
27,4
27,5
4294967294,486
35,5
35,2
35,4
9,5
13,6
13,5
13,4
7,9
7,8
7,7
7,6
7,5
7,4
7,10
4294967294,156
16,4
16,5
20,4
20,5
5,6
5,5
4294967279,416
5,4
4294967278,330
5,7
4294967278,401
15,4
10,6
10,5
10,4
4294967294,483
4294967279,256
4294967278,323
14,2
14,4
14,5
4294967294,155
4294967278,322
4,4
4294967279,254
4294967294,430
4294967294,1429
151,8
4294967279,252
4294967278,321
4294967278,251
151,7
4294967294,1427
4294967294,414
4294967278,248
4294967278,246
151,6
4294967279,245
4294967278,243
151,5
4294967278,238
151,4
151,3
151,2
151,1
4294967294,506
4294967278,230
4294967294,419
4294967294,154
4294967294,407
4294967294,384
4294967294,411
4294967294,157
4294967294,425
4294967294,189
4294967294,413
4294967294,109
4294967279,234
4294967279,235
4294967279,232
150,5
4294967278,228
4294967294,1448
150,4
150,3
150,2
150,1
4294967279,225
4294967279,221
4294967278,400
4294967278,350
4294967279,219
4294967294,1446
4294967278,215
4294967294,1426
4294967279,215
4294967279,212
4294967279,211
149,6
149,5
4294967279,210
149,4
149,3
149,2
149,1
4294967278,319
4294967279,209
4294967279,206
4294967279,318
4294967279,205
4294967279,204
4294967279,203
4294967278,199
4294967279,200
4294967279,199
4294967279,198
4294967279,196
4294967278,194
4294967279,195
4294967279,312
4294967278,193
4294967279,194
4294967294,439
4294967294,389
4294967279,190
4294967294,1433
4294967278,188
4294967279,189
4294967279,470
4294967279,188
4294967278,311
4294967279,138
4294967279,186
4294967279,185
146,6
146,5
4294967279,184
146,4
146,3
146,2
146,1
4294967278,310
4294967279,183
4294967278,308
4294967279,180
4294967279,307
4294967279,179
4294967294,388
4294967279,178
4294967279,305
4294967278,306
4294967279,177
4294967279,303
4294967278,307
4294967278,172
4294967279,173
4294967278,171
4294967279,172
4294967278,285
4294967279,171
4294967279,169
4294967278,167
4294967279,168
4294967278,166
4294967279,167
4294967278,165
4294967279,166
143,4
4294967279,165
143,3
143,2
143,1
4294967279,300
4294967294,505
4294967279,164
4294967279,298
7,3
4294967278,300
4294967279,469
4294967279,160
4294967294,1419
4294967294,182
4294967294,190
4294967294,176
4294967294,1082
4294967294,1155
4294967294,438
4294967278,298
4294967279,159
4294967279,468
4294967279,158
4294967278,277
4294967279,155
4294967279,154
142,6
4294967278,153
142,5
4294967279,153
142,4
4294967278,152
142,3
142,2
142,1
4294967279,152
4294967294,1421
4294967294,474
4294967294,481
4294967279,467
4294967278,295
4294967279,149
4294967278,399
4294967279,148
4294967278,147
4294967294,1165
4294967279,147
4294967279,293
4294967278,146
4294967279,146
4294967278,291
4294967294,1420
4294967293,131
4294967293,130
4294967293,129
4294967293,128
4294967293,127
4294967293,126
4294967293,125
4294967293,124
4294967293,123
4294967293,122
4294967293,121
4294967293,120
4294967293,119
4294967293,118
4294967293,117
4294967293,116
4294967293,115
4294967293,114
4294967293,113
4294967293,112
4294967293,111
4294967293,110
4294967293,109
4294967293,108
4294967293,107
4294967293,106
4294967293,105
4294967293,104
4294967293,103
4294967293,102
4294967293,101
4294967293,100
4294967293,99
4294967293,98
4294967293,97
4294967293,96
4294967293,95
4294967293,94
4294967293,93
4294967293,92
4294967293,91
4294967293,90
4294967293,89
4294967293,87
4294967293,86
4294967293,85
4294967293,84
4294967293,83
4294967293,82
4294967293,81
4294967293,80
4294967293,79
4294967293,78
4294967293,77
4294967293,76
4294967293,75
4294967293,74
4294967293,73
4294967293,72
4294967293,71
4294967293,70
4294967293,69
4294967293,68
4294967293,67
4294967293,66
4294967293,65
4294967293,64
4294967293,63
4294967293,62
4294967293,61
4294967293,60
4294967293,59
4294967293,58
4294967293,57
4294967293,56
4294967293,55
4294967293,54
4294967293,53
4294967293,52
4294967293,51
4294967293,50
4294967293,49
4294967293,48
4294967293,47
4294967293,46
4294967293,45
4294967293,44
4294967293,43
4294967293,42
4294967293,41
4294967293,40
4294967293,39
4294967293,38
4294967293,37
4294967293,36
4294967293,35
4294967293,34
4294967293,33
4294967293,32
4294967293,31
4294967293,30
4294967293,29
4294967293,28
4294967293,27
4294967293,26
4294967293,25
4294967293,24
4294967293,23
4294967293,22
4294967293,21
4294967293,20
4294967293,19
4294967293,18
4294967293,17
4294967293,16
4294967293,15
4294967293,14
4294967293,13
4294967293,12
4294967293,11
4294967293,10
4294967293,9
4294967293,8
4294967293,7
4294967293,6
4294967293,5
4294967293,4
